
with gamma=0.01
0 [ 0.9010989  0.901      0.901      0.901      0.9019019]
1 [ 0.88811189  0.88811189  0.888       0.88888889  0.88888889]
2 [ 0.891  0.891  0.891  0.891  0.891]
3 [ 0.904  0.904  0.904  0.904  0.904]
4 [ 0.9040959  0.9040959  0.905      0.9049049  0.9049049]
5 [ 0.90609391  0.906       0.906       0.906       0.90690691]
6 [ 0.8961039  0.897      0.897      0.897      0.8968969]
7 [ 0.8981019  0.899      0.899      0.899      0.8988989]
8 [ 0.9040959  0.9040959  0.905      0.9049049  0.9049049]
9 [ 0.9040959  0.9040959  0.904      0.9049049  0.9049049]

with gamma=0.01
0 1 0.78960
0 2 0.79220
0 3 0.80520
0 4 0.80580
0 5 0.80740
0 6 0.79800
0 7 0.80000
0 8 0.80580
0 9 0.80560
1 2 0.77940
1 3 0.79240
1 4 0.79300
1 5 0.79460
1 6 0.78520
1 7 0.78720
1 8 0.79300
1 9 0.79280
2 3 0.79500
2 4 0.79560
2 5 0.79720
2 6 0.78780
2 7 0.78980
2 8 0.79560
2 9 0.79540
3 4 0.80860
3 5 0.81020
3 6 0.80080
3 7 0.80280
3 8 0.80860
3 9 0.80840
4 5 0.81080
4 6 0.80140
4 7 0.80340
4 8 0.80920
4 9 0.80900
5 6 0.80300
5 7 0.80500
5 8 0.81080
5 9 0.81060
6 7 0.79560
6 8 0.80140
6 9 0.80120
7 8 0.80340
7 9 0.80320
8 9 0.80900